8.635
8.731
8.773
8.863
8.915
8.987
9.049
9.152
9.334
9.398
9.491
9.609
9.535
9.597
9.74
9.897
9.971
10.093
10.126
10.141
10.151
10.166
10.144
10.089
10.182
10.205
10.261
10.408
10.408
10.406
10.543
10.614
10.722
10.83
10.953
11.014
11.064
11.11
11.218
11.389
11.552
11.613
11.858
11.961
11.997
12.095
12.109
12.252
12.332
12.445
12.579
12.679
12.74
12.771
12.938
12.907
12.947
12.936
13.052
13.066
13.043
13.244
13.293
13.39
13.481
13.588
13.699
13.79
13.78
13.836
13.897
13.907
13.891
13.95
13.94
13.942
13.958
13.984
14.039
13.948
14.013
14.129
14.228
14.247
14.231
14.198
14.145
14.099
14.069
14.156
14.151
14.185
14.228
14.316
14.266
14.314
14.277
14.374
14.327
14.358
14.449
14.528
14.566
14.601
14.633
14.681
14.648
14.587
14.621
14.652
14.728
14.861
14.843
14.854
14.796
14.813
14.791
14.835
14.928
14.93
14.799
14.764
14.7
14.724
14.752
14.757
14.735
14.831
14.86
14.887
15.041
15.029
14.995
15.019
15.004
15.022
14.942
14.924
14.929
14.85
14.783
14.83
14.83
14.854
14.881
14.817
14.901
14.947
14.939
14.89
14.791
14.684
14.585
14.562
14.482
14.418
14.523
14.401
14.338
14.313
14.253
14.273
14.2
14.211
14.146
14.125
14.021
13.92
13.949
13.975
13.929
13.95
13.917
13.852
13.826
13.729
13.653
13.555
13.493
13.525
13.596
13.502
13.355
13.364
13.311
13.238
13.174
13.183
13.087
13.113
13.155
13.069
12.929
12.945
12.914
12.963
12.848
12.702
12.666
12.686
12.604
12.541
12.501
12.395
12.371
12.361
12.326
12.285
12.214
12.179
12.166
12.098
12.055
11.924
11.891
11.787
11.714
11.613
11.539
11.349
11.261
11.18
11.082
11.041
11.028
10.994
10.901
10.882
10.822
10.728
10.633
10.693
10.63
10.61
10.419
10.397
10.337
10.252
10.124
10.068
9.977
9.883
9.868
9.606
9.577
9.536
9.411
9.283
9.173
8.989
8.808
8.695
8.611
8.475
8.374
8.221
7.976
7.896
7.721
7.616
7.486
7.503
7.423
7.27
7.122
7.049
6.835
6.68
6.628
6.608
6.453
6.405
6.272
6.268
6.134
6.09
6.102
5.988
5.845
5.653
5.56
5.503
5.446
5.416
5.371
5.326
5.355
5.315
5.19
5.12
4.982
4.91
4.829
4.793
4.738
4.698
4.714
4.699
4.593
4.547
4.464
4.405
4.44
4.433
4.381
4.325
4.335
4.29
4.286
4.318
4.289
4.247
4.261
4.269
4.245
4.25
4.247
4.251
4.265
4.29
4.289
4.305
4.326
4.301
4.366
4.342
4.405
4.372
4.433
4.503
4.551
4.544
4.558
4.524
4.553
4.72
4.763
4.792
4.865
4.87
4.861
4.923
4.917
4.982
5.085
5.171
5.241
5.263
5.369
5.454
5.576
5.713
5.991
6.2
6.34
6.404
6.557
6.698
7.022
7.175
7.314
7.377
7.409
7.563
7.696
7.637
