15.556
15.527
15.473
15.405
15.365
15.427
15.457
15.46
15.341
15.278
15.279
15.222
15.005
14.855
14.758
14.575
14.39
14.236
14.129
13.971
13.792
13.751
13.578
13.383
13.155
13.029
12.861
12.668
12.339
12.088
11.718
11.403
11.206
10.896
10.654
10.395
10.234
9.993
9.803
9.568
9.402
9.212
9.032
8.971
8.791
8.598
8.51
8.365
8.153
7.984
7.883
7.838
7.634
7.543
7.298
7.238
7.162
6.855
6.688
6.445
6.241
6.11
5.96
5.915
5.771
5.485
5.298
5.153
5.023
4.968
4.689
4.543
4.468
4.329
4.068
3.946
3.845
3.65
3.557
3.46
3.395
3.288
3.195
3.112
3.084
3
2.934
2.796
2.753
2.652
2.539
2.458
2.381
2.401
2.35
2.39
2.334
2.289
2.247
2.232
2.183
2.168
2.143
2.12
2.105
2.093
2.046
2.036
2.02
2.02
2.04
2.03
2.039
2.036
2.071
2.136
2.197
2.262
2.316
2.35
2.397
2.471
2.471
2.502
2.599
2.733
2.789
2.842
2.906
2.971
3.023
3.041
3.059
3.069
3.097
3.101
3.101
3.196
3.181
3.202
3.239
3.305
3.367
3.419
3.545
3.619
3.757
3.845
3.904
4.03
4.15
4.306
4.457
4.61
4.793
4.939
5.038
5.124
5.247
5.423
5.528
5.638
5.75
5.883
5.949
6.112
6.268
6.319
6.408
6.51
6.688
6.804
6.954
6.98
7.109
7.209
7.314
7.477
7.58
7.737
7.807
7.921
7.927
7.967
8.078
8.162
8.251
8.417
8.619
8.722
8.807
8.897
8.894
8.971
9.032
9.194
9.272
9.341
9.464
9.633
9.637
9.687
9.911
10.01
10.117
10.167
10.224
10.38
10.402
10.457
10.495
10.498
10.61
10.786
10.818
10.794
10.852
10.918
10.955
11.078
11.153
11.24
11.293
11.398
11.501
11.699
11.815
11.849
11.906
11.995
12.113
12.253
12.389
12.421
12.529
12.549
12.499
12.521
12.631
12.717
12.85
12.926
13.004
13.153
13.269
13.41
13.486
13.576
13.691
13.786
13.869
13.981
14.066
14.084
14.113
14.102
14.092
14.096
14.144
14.272
14.326
14.428
14.454
14.461
14.486
14.48
14.531
14.624
14.747
14.747
14.828
14.863
14.932
15.136
15.329
15.488
15.659
15.819
15.999
16.015
15.915
15.974
16.045
16.198
16.352
16.488
16.539
16.552
16.568
16.557
16.601
16.705
16.629
16.676
16.642
16.618
16.669
16.643
16.719
16.839
16.913
16.855
16.923
16.964
16.944
17.019
17.001
17.034
16.958
16.955
17.018
17.091
17.113
17.148
17.2
17.209
17.243
17.242
17.281
17.283
17.233
17.213
17.206
17.184
17.197
17.211
17.18
17.137
17.106
17.135
17.193
17.178
17.152
17.224
17.275
17.225
17.146
17.1
17.02
16.901
16.879
16.883
16.84
16.858
16.861
16.809
16.875
16.91
16.828
16.785
16.72
16.697
16.592
16.559
16.573
16.604
16.643
16.586
16.482
16.366
16.253
16.184
16.126
16.003
15.953
15.893
